1 2000
1 1800
2 2100
1 2100
1 800
1 700
2 1900
1 1900
1 1400
1 1300
1 1300
1 1300
1 1300
1 1300
1 1300
1 1300
1 1300
1 1300
1 1300
1 1300
1 2000
1 1800
1 500
1 2100
1 800
1 700
1 200
1 1900
1 1400
1 1300
3 500
3 2100
3 800
3 700
3 200
3 1900
3 1400
3 1300
3 900
3 100
1 1300
1 1300
1 1300
1 1300
1 1300
1 1300
1 1300
1 1300
1 1300
1 1300
1 2000
1 1800
1 500
1 2100
1 800
1 700
1 200
1 1900
1 1400
1 1300
4 2100
4 800
4 700
4 200
4 1900
4 1400
4 1300
4 900
4 100
4 600
1 1300
1 1300
1 1300
1 1300
1 1300
1 1300
1 1300
1 1300
1 1300
1 1300
2 1800
2 500
2 2100
2 800
2 700
2 200
2 1900
2 1400
2 1300
2 900
3 500
3 2100
3 800
3 700
3 200
3 1900
3 1400
3 1300
3 900
3 100
1 1300
1 1300
1 1300
1 1300
1 1300
1 1300
1 1300
1 1300
1 1300
1 1300
2 1800
2 500
2 2100
2 800
2 700
2 200
2 1900
2 1400
2 1300
2 900
4 2100
4 800
4 700
4 200
4 1900
4 1400
4 1300
4 900
4 100
4 600
1 1300
1 1300
1 1300
1 1300
1 1300
1 1300
1 1300
1 1300
1 1300
1 1300
3 500
3 2100
3 800
3 700
3 200
3 1900
3 1400
3 1300
3 900
3 100
4 2100
4 800
4 700
4 200
4 1900
4 1400
4 1300
4 900
4 100
4 600
